               ''''     ''0''     ''1''     ''2''     ''3''     ''4''     ''5''     ''6''     ''7''     ''8''     ''9''     ''.''     ''('' 'EXPRESSION'     '')''     ''+''     ''-''     ''*''     ''/''   ''eof'' 
        0                 4 7         4         4         4         4         4         4         4         4         4                  11                                                                       
        2         1                                                                                                                                                     0         0         0         0           
        1                                                                                                                                                                                                       X 
        4       0 3         0         0         0         0         0         0         0         0         0         0                                                                                           
        3         2                                                                                                             5                                                                                 
        5                   6         6         6         6         6         6         6         6         6         6                                                                                           
        6       2 5         5         5         5         5         5         5         5         5         5         5                                                                                           
        7                                                                                                                       8                                                                                 
        8                   9         9         9         9         9         9         9         9         9         9                                                                                           
        9       2 8         8         8         8         8         8         8         8         8         8         8                                                                                           
       11                                                                                                                                          10                                                             
       10                                                                                                                                                     2                                                   
        X                                                                                                                                                                                                         
